28 12
21;5 01;3 01;3 05;1 01;3 01;3 01;3 01;3 05;5 01;3 05;1 01;3 01;1 01;1 01;1 01;1 01;1 01;1 01;1 01;1 01;1 01;1 01;1 21;7 01;7 01;7 30;7 01;7
01;3 01;3 01;3 05;1 01;3 01;3 01;3 01;3 05;5 17;1 01;3 01;3 01;1 12;3 11;3 11;3 11;3 11;3 11;3 11;3 11;3 11;3 12;5 01;1 01;7 01;7 28;7 01;7
01;3 01;3 02;1 05;1 01;3 01;3 02;3 01;3 05;5 22;5 05;1 01;3 01;1 11;1 05;3 01;1 05;3 01;1 05;7 01;1 05;7 01;1 11;5 01;1 01;7 01;7 01;7 01;7
05;3 05;3 05;3 04;5 01;3 01;3 04;5 03;5 01;3 01;3 05;1 01;3 01;1 11;1 01;1 02;1 01;1 05;3 01;1 05;7 01;1 05;7 11;5 01;1 01;7 01;7 26;7 01;7
01;3 01;3 01;3 01;3 01;3 05;1 01;3 01;3 11;5 01;3 05;1 01;3 01;1 11;1 05;3 01;1 05;3 01;1 02;1 01;1 05;7 01;1 11;5 01;1 01;7 01;7 01;7 01;7
01;3 01;3 01;3 01;3 02;1 05;1 01;3 01;3 11;5 04;5 06;1 05;7 01;1 11;1 01;1 05;3 01;1 22;7 01;1 05;7 01;1 05;7 11;5 01;1 01;7 01;7 24;7 01;7
05;3 05;3 05;3 03;5 05;3 07;1 22;5 01;3 11;5 03;5 05;3 05;3 01;1 11;1 05;3 01;1 05;3 19;1 22;7 01;1 02;1 01;1 11;5 01;1 01;7 01;7 23;7 01;7
01;3 01;3 22;5 01;3 01;3 04;5 05;7 01;3 11;5 01;3 01;3 01;3 01;1 11;1 01;1 05;3 01;1 02;1 01;1 05;7 01;1 05;7 11;5 01;1 01;7 01;7 01;7 01;7
01;3 01;3 02;7 18;1 01;3 05;5 01;3 01;3 11;5 01;3 01;3 01;3 01;1 11;1 05;3 01;1 05;3 01;1 05;7 01;1 05;7 01;1 11;5 01;1 01;7 01;7 25;7 01;7
01;3 01;3 05;1 05;1 01;3 05;5 12;3 11;3 16;5 01;3 01;3 01;3 01;1 11;1 01;1 05;3 01;1 05;3 01;1 05;7 01;1 05;7 11;5 01;1 01;7 01;7 01;7 01;7
05;3 05;3 07;1 05;1 01;3 05;5 11;1 01;3 11;5 01;3 02;5 01;3 01;1 12;1 11;7 11;7 11;7 11;7 11;7 11;7 11;7 11;7 12;7 01;1 01;7 01;7 27;7 01;7
01;3 01;3 01;3 05;1 01;3 05;5 11;1 01;3 11;5 01;3 01;3 21;5 21;7 01;1 01;1 01;1 01;1 01;1 01;1 01;1 01;1 01;1 01;1 01;1 01;7 01;7 29;7 01;7
0 0 1;1 0 1;1 0 0 1;1 0 1;1 0 0 0 0 1;1 0 1;1 0 0 1;1 0 1;1 0 0 0 0 1;5 0
0 1;3 0 0 3;3 0 0 0 0 0 7;7 1;7 0 0 0 1;5 0 1;5 1;5 0 1;5 0 0 0 0 0 0 0
1;7 0 0 0 0 0 0 0 0 0 0 1;3 1;7 0 0 0 0 0 0 0 0 0 0 1;3 1;7 0 1;5 1;3
0 0 0 0 0 4;7 0 0 0 1;7 0 0 0 1;3 0 0 0 0 0 0 0 0 1;7 0 0 0 0 0
1;7 0 0 0 0 0 0 0 0 3;1 0 1;3 1;7 0 0 0 0 0 0 0 0 0 0 1;3 1;7 0 1;5 1;3
0 1;1 0 3;1 0 0 0 0 0 0 0 0 0 1;3 0 0 0 0 0 0 0 0 1;7 0 0 0 1;5 0
0 0 0 0 0 0 0 0 0 0 0 0 0 1;3 0 0 0 0 0 0 0 0 1;7 0 0 0 1;5 0
1;7 0 0 1;5 0 0 0 0 0 0 0 1;3 1;7 0 0 0 0 0 0 0 0 0 0 1;3 1;7 0 0 1;3
0 0 0 0 0 0 2;2 0 0 0 0 0 0 1;3 0 0 0 0 0 0 0 0 1;7 0 0 0 1;5 0
1;7 0 0 0 0 0 0 0 0 1;5 0 1;3 1;7 0 0 0 0 0 0 0 0 0 0 1;3 1;7 0 0 1;3
0 0 0 0 0 0 3;7 0 0 1;7 0 0 0 0 0 1;1 0 1;1 1;1 0 1;1 0 0 0 0 0 1;5 0
0 0 1;5 0 1;5 0 0 1;5 0 1;5 0 0 0 0 1;5 0 1;5 0 0 1;5 0 1;5 0 0 0 0 0 0