12 13
01;1 01;1 01;1 01;1 01;1 01;1 01;1 01;1 01;1 01;1 01;1 21;1
01;1 12;3 11;3 11;3 11;3 11;3 11;3 11;3 11;3 11;3 12;5 01;1
01;1 11;1 05;3 01;1 05;3 01;1 05;7 17;1 05;7 01;1 11;5 01;1
01;1 11;1 01;1 02;1 01;1 05;3 01;1 05;7 01;1 05;7 11;5 01;1
01;1 11;1 05;3 01;1 05;3 01;1 02;1 01;1 05;7 01;1 11;5 01;1
01;1 11;1 01;1 05;3 01;1 22;1 01;1 05;7 01;1 05;7 11;5 01;1
01;1 11;1 05;3 01;1 05;3 01;1 22;1 01;1 02;1 01;1 11;5 01;1
01;1 11;1 01;1 05;3 01;1 02;1 01;1 05;7 01;1 05;7 11;5 01;1
01;1 11;1 05;3 18;1 05;3 01;1 05;7 01;1 05;7 01;1 11;5 01;1
01;1 11;1 01;1 05;3 01;1 05;3 01;1 05;7 01;1 05;7 11;5 01;1
01;1 12;1 11;7 11;7 11;7 11;7 11;7 11;7 11;7 11;7 12;7 01;1
21;1 01;1 01;1 01;1 01;1 01;1 01;1 01;1 01;1 01;1 01;1 01;1
01;1 01;1 01;1 01;1 01;1 01;1 01;1 01;1 01;1 01;1 01;1 01;1
0 0 1;1 0 1;1 0 0 1;1 0 1;1 0 0
0 0 0 1;5 0 1;5 1;5 0 1;5 0 0 0
1;7 0 0 0 0 0 0 0 0 0 0 1;3
0 1;3 0 0 0 0 0 0 0 0 1;7 0
1;7 0 0 0 0 0 0 0 0 0 0 1;3
0 1;3 0 0 0 0 0 0 0 0 1;7 0
0 1;3 0 0 0 0 0 0 0 0 1;7 0
1;7 0 0 0 0 0 0 0 0 0 0 1;3
0 1;3 0 0 0 0 0 0 0 0 1;7 0
1;7 0 0 0 0 0 0 0 0 0 0 1;3
0 0 0 1;1 0 1;1 1;1 0 1;1 0 0 0
0 0 1;5 0 1;5 0 0 1;5 0 1;5 0 0
0 0 0 0 0 0 0 0 0 0 0 0