12 16
01;1 01;1 01;1 01;1 01;1 05;5 05;1 01;1 01;1 01;1 01;1 21;3
05;7 01;1 05;7 05;7 05;7 06;7 05;1 01;1 01;1 01;1 02;3 01;1
01;1 01;1 22;3 01;1 01;1 04;3 03;3 01;1 01;1 01;1 01;1 01;1
05;3 05;3 05;3 01;1 11;3 11;3 11;3 11;3 11;3 16;3 11;3 11;3
01;1 01;1 01;1 03;3 01;1 01;1 01;1 01;1 01;1 11;1 01;1 01;1
01;1 01;1 02;1 04;3 01;1 01;1 22;3 05;5 01;1 12;1 11;7 11;7
01;1 01;1 01;1 01;1 05;7 05;7 07;7 04;3 05;3 05;3 05;3 05;3
01;1 01;1 01;1 01;1 01;1 02;7 05;1 01;1 01;1 01;1 01;1 20;1
05;7 05;7 05;7 04;3 01;1 01;1 03;3 01;1 01;1 05;7 05;7 05;7
01;1 01;1 02;7 05;1 17;1 01;1 05;1 22;3 02;5 05;7 07;7 01;1
01;1 19;1 01;1 05;1 01;1 01;1 05;1 01;1 01;1 01;1 05;1 01;1
21;3 01;1 01;1 05;1 01;1 01;1 05;1 01;1 01;1 18;1 05;1 01;1
01;1 01;1 01;1 01;1 01;1 01;1 01;1 01;1 01;1 01;1 01;1 01;1
01;1 01;1 01;1 01;1 01;1 01;1 01;1 01;1 01;1 01;1 01;1 01;1
29;1 27;1 01;1 25;1 01;1 23;1 24;1 01;1 26;1 01;1 28;1 30;1
01;1 01;1 01;1 01;1 01;1 01;1 01;1 01;1 01;1 01;1 01;1 01;1
0 1;5 1;1 0 1;1 0 0 1;1 0 1;1 0 0
0 7;5 0 0 0 0 0 0 0 0 0 0
1;7 0 0 1;5 3;7 0 0 0 0 1;3 1;5 1;3
0 0 0 0 0 0 0 0 0 0 0 0
1;7 0 0 0 0 0 0 0 0 0 0 1;3
0 0 0 0 0 0 0 0 2;8 0 3;5 0
0 0 0 4;5 0 0 0 0 0 0 0 0
1;7 3;1 0 0 0 0 0 0 0 0 0 1;3
0 0 0 0 0 3;7 0 1;3 0 0 0 0
1;7 0 0 0 0 0 0 0 0 0 0 1;3
0 1;1 0 0 0 1;7 0 0 0 0 0 0
0 0 1;5 0 1;5 0 0 1;5 0 1;5 0 0
0 0 1;1 0 1;1 0 0 1;1 0 1;1 0 0
0 0 0 0 0 0 0 0 0 0 0 0
0 1;7 0 1;7 0 1;7 1;7 1;7 0 1;7 0 1;7
0 0 1;5 0 1;5 0 0 1;5 0 1;5 0 0