12 16
01;1 01;1 01;1 01;1 01;1 01;1 01;1 01;1 01;1 01;1 01;1 01;1
01;1 12;3 11;3 11;3 12;5 01;1 01;1 12;3 11;3 11;3 12;5 01;1
01;1 11;1 03;1 01;1 11;1 04;7 01;1 11;1 03;1 01;1 11;5 01;1
01;1 11;1 21;1 03;1 11;1 01;1 01;1 11;1 22;1 03;1 11;5 01;1
01;1 12;1 11;7 11;7 12;7 17;1 04;7 12;1 11;7 11;7 12;7 01;1
01;1 01;1 01;1 01;1 04;5 01;1 01;1 01;1 01;1 04;1 01;1 01;1
01;1 19;1 04;5 01;1 01;1 01;1 01;1 04;1 01;1 01;1 01;1 01;1
01;1 12;3 11;3 11;3 12;5 04;3 01;1 12;3 11;3 11;3 12;5 01;1
01;1 11;1 03;1 22;1 11;5 01;1 01;1 11;1 03;1 21;1 11;5 01;1
01;1 11;1 01;1 03;1 11;5 01;1 04;3 11;1 01;1 03;1 11;5 01;1
01;1 12;1 11;7 11;7 12;7 01;1 01;1 12;1 11;7 11;7 12;7 01;1
01;1 01;1 01;1 01;1 01;1 01;1 01;1 01;1 01;1 01;1 18;1 01;1
29;1 01;1 01;1 01;1 01;1 01;1 01;1 01;1 01;1 01;1 01;1 30;1
01;1 27;1 01;1 01;1 01;1 01;1 01;1 01;1 01;1 01;1 28;1 01;1
05;3 05;3 06;5 25;1 01;1 01;1 01;1 01;1 26;1 07;5 05;7 05;7
01;1 01;1 07;3 05;3 05;3 23;1 24;1 05;7 05;7 06;7 01;1 01;1
0 0 1;1 0 1;1 0 0 1;1 0 1;1 0 0
0 0 0 0 0 0 0 0 0 0 0 0
1;7 0 0 1;5 0 0 0 0 0 0 0 1;3
0 0 0 0 0 1;7 3;3 0 0 0 0 0
1;7 0 0 0 0 0 0 0 0 0 0 1;3
0 0 0 0 0 0 0 0 3;1 0 0 0
0 0 0 3;5 0 0 0 0 0 0 0 0
1;7 0 0 0 0 0 0 0 0 0 0 1;3
0 0 0 0 0 3;7 1;3 0 0 0 0 0
1;7 0 0 0 0 0 0 0 1;1 0 0 1;3
0 0 0 0 0 0 0 0 0 0 0 0
0 0 1;5 0 1;5 0 0 1;5 0 1;5 0 0
0 0 1;1 0 2;8 0 0 2;2 0 1;1 0 0
0 1;7 1;7 0 0 0 0 0 0 1;3 1;3 0
0 0 0 0 0 0 1;7 0 0 0 0 0
0 0 0 0 0 0 1;7 0 0 0 0 0