12 16
01;1 01;1 01;1 01;1 01;1 01;1 01;1 01;1 01;1 01;1 01;1 01;1
01;1 34;7 35;3 01;1 01;1 01;1 17;1 01;1 01;1 35;7 34;1 01;1
01;1 35;5 05;1 05;3 05;3 05;3 05;3 05;3 05;3 05;3 35;5 21;7
01;1 01;1 05;1 04;7 05;7 05;7 05;7 05;7 04;7 05;5 01;1 01;1
01;1 01;1 05;1 05;5 01;1 01;1 35;7 34;1 05;1 05;5 01;1 19;1
01;1 01;1 05;1 09;5 05;7 05;7 01;1 35;5 05;1 05;5 01;1 01;1
01;1 18;1 05;1 05;5 35;1 22;7 05;3 05;3 09;1 05;5 01;1 01;1
01;1 01;1 05;1 05;5 34;5 35;3 01;1 01;1 05;1 05;5 01;1 01;1
01;1 01;1 05;1 04;7 05;3 05;3 05;3 05;3 04;7 05;5 01;1 01;1
01;1 35;1 03;7 05;7 05;7 05;7 05;7 05;7 05;7 03;7 35;1 01;1
01;1 34;5 35;3 01;1 01;1 01;1 01;1 01;1 01;1 35;7 34;3 01;1
21;7 01;1 01;1 01;1 01;1 01;1 01;1 01;1 01;1 01;1 01;1 01;1
01;1 01;1 01;1 01;1 01;1 01;1 01;1 01;1 01;1 01;1 01;1 01;1
01;1 01;1 01;1 01;1 01;1 01;1 01;1 01;1 01;1 01;1 01;1 01;1
29;1 27;1 01;1 25;1 01;1 23;1 24;1 01;1 26;1 01;1 28;1 30;1
01;1 01;1 01;1 01;1 01;1 01;1 01;1 01;1 01;1 01;1 01;1 01;1
0 0 1;1 0 1;1 0 0 1;1 0 1;1 0 0
0 0 0 0 0 0 0 0 0 0 0 0
1;7 0 0 0 0 0 1;5 0 0 0 0 1;3
0 0 0 0 0 0 0 0 0 0 0 0
1;7 0 0 0 0 0 0 0 0 0 0 1;3
0 0 1;3 0 0 0 0 0 0 0 0 0
0 0 0 0 0 0 0 0 0 1;7 0 0
1;7 0 0 0 0 0 0 0 0 0 0 1;3
0 0 0 0 0 0 0 0 0 0 0 0
1;7 0 0 0 0 0 1;1 0 0 0 0 1;3
0 0 0 0 0 0 0 0 0 0 0 0
0 0 1;5 0 1;5 0 0 1;5 0 1;5 0 0
0 0 1;1 0 1;1 0 0 1;1 0 1;1 0 0
0 0 0 0 0 0 0 0 0 0 0 0
0 1;7 0 1;7 0 1;7 1;7 1;7 0 1;7 0 1;7
0 0 1;5 0 1;5 0 0 1;5 0 1;5 0 0