12 16
01;1 05;5 01;1 01;1 01;1 05;5 05;1 01;1 01;1 01;1 05;1 32;1
01;1 07;3 05;3 05;3 05;3 10;5 05;1 01;1 01;1 32;1 06;1 05;7
01;1 17;1 01;1 01;1 01;1 05;5 05;1 01;1 01;1 01;1 01;1 21;7
01;1 01;1 32;1 01;1 01;1 05;5 05;1 01;1 01;1 01;1 01;1 01;1
01;1 01;1 22;7 01;1 01;1 05;5 06;1 07;7 01;1 01;1 01;1 01;1
05;7 05;7 05;7 05;7 05;7 06;7 35;1 06;1 05;7 05;7 05;7 05;7
05;3 05;3 05;3 05;3 06;5 35;7 31;1 35;3 06;3 05;3 05;3 05;3
01;1 01;1 01;1 01;1 07;3 06;5 35;5 06;3 07;1 35;7 35;3 01;1
01;1 01;1 19;1 01;1 01;1 05;5 06;3 07;1 01;1 22;7 01;1 01;1
01;1 01;1 32;1 01;1 01;1 05;5 05;1 01;1 01;1 01;1 18;1 01;1
05;3 06;5 01;1 01;1 01;1 05;5 10;1 05;7 05;7 05;7 07;7 01;1
21;7 05;5 01;1 01;1 01;1 05;5 05;1 01;1 01;1 01;1 05;1 01;1
01;1 01;1 01;1 01;1 01;1 01;1 01;1 01;1 01;1 01;1 01;1 01;1
01;1 01;1 01;1 01;1 01;1 01;1 01;1 01;1 01;1 01;1 01;1 01;1
29;1 27;1 01;1 25;1 01;1 23;1 24;1 01;1 26;1 01;1 28;1 30;1
01;1 01;1 01;1 01;1 01;1 01;1 01;1 01;1 01;1 01;1 01;1 01;1
0 0 1;1 0 2;8 0 0 1;1 0 1;1 0 0
0 0 0 0 0 0 0 0 0 0 0 0
1;7 0 0 0 0 0 0 0 0 1;7 0 1;3
0 0 0 1;7 3;3 0 0 2;4 0 3;3 0 0
1;7 1;5 0 0 2;4 0 0 0 0 0 0 2;1
0 0 0 0 0 0 0 0 0 0 0 0
0 0 0 0 0 0 0 0 0 0 0 0
1;7 0 1;1 0 0 0 0 0 0 0 0 1;3
0 0 0 4;1 2;2 0 0 0 1;7 0 2;8 0
1;7 0 0 0 0 0 0 3;1 0 0 0 1;3
0 0 0 0 0 0 0 0 0 0 0 0
0 0 1;5 1;1 1;5 0 0 1;5 0 1;5 0 0
0 0 1;1 0 1;1 0 0 1;1 0 1;1 0 0
0 0 0 0 0 0 0 0 0 0 0 0
0 1;7 0 1;7 0 1;7 1;7 1;7 0 1;7 0 1;7
0 0 1;5 0 1;5 0 0 1;5 0 1;5 0 0