28 12
21;1 05;5 01;3 01;3 01;3 05;5 05;1 01;3 01;3 01;3 01;3 01;3 01;3 02;1 01;3 05;1 01;3 01;3 05;1 01;3 05;5 01;3 05;1 21;7 01;7 01;7 30;7 01;7
05;7 06;7 01;3 01;3 01;3 05;5 05;1 01;3 01;3 02;3 07;5 05;7 01;3 01;3 01;3 05;1 01;3 05;5 05;1 01;3 05;5 01;3 01;3 01;3 01;7 01;7 28;7 01;7
01;3 01;3 32;3 01;3 01;3 05;5 05;1 22;1 32;3 01;3 05;5 01;3 01;3 01;3 01;3 05;1 01;3 05;5 05;1 18;1 05;5 01;3 02;3 01;3 01;7 01;7 01;7 01;7
01;3 01;3 01;3 01;3 01;3 05;5 05;1 01;3 01;3 01;3 05;5 01;3 05;3 05;3 05;3 04;7 01;3 05;5 05;1 01;3 04;7 05;3 05;3 05;3 01;7 01;7 26;7 01;7
01;3 01;3 01;3 01;3 07;5 06;7 05;1 01;3 01;3 01;3 05;5 01;3 01;3 01;3 01;3 01;3 01;3 05;5 05;1 01;3 01;3 01;3 01;3 01;3 01;7 01;7 01;7 01;7
05;7 05;7 05;7 05;7 06;7 35;1 06;1 05;7 05;7 05;7 10;7 05;7 11;7 11;7 11;7 11;7 11;7 01;3 01;3 05;7 05;7 05;7 05;7 05;7 01;7 01;7 24;7 01;7
05;3 10;3 05;3 06;5 35;7 31;3 35;3 06;3 05;3 05;3 05;3 05;3 01;3 05;3 05;3 05;3 05;3 01;3 01;3 05;3 05;3 05;3 05;3 05;3 01;7 01;7 23;7 01;7
01;3 05;1 01;3 07;3 06;5 35;5 06;3 07;1 17;1 01;3 01;3 01;3 01;3 01;3 01;3 01;3 22;7 11;5 05;1 01;3 01;3 01;3 02;3 01;3 01;7 01;7 01;7 01;7
01;3 05;1 01;3 01;3 07;3 06;5 05;1 01;3 01;3 01;3 01;3 01;3 05;7 05;7 05;7 04;7 01;3 11;5 05;1 01;3 05;7 05;7 05;7 05;7 01;7 01;7 25;7 01;7
01;3 05;1 01;3 22;1 35;1 05;5 05;1 01;3 01;3 01;3 32;3 01;3 01;3 01;3 19;1 05;1 01;3 11;5 05;1 01;3 11;5 01;3 01;3 01;3 01;7 01;7 01;7 01;7
05;3 07;1 01;3 01;3 35;5 05;5 05;1 01;3 01;3 01;3 06;3 05;3 05;3 03;7 01;3 05;1 01;3 11;5 05;1 01;3 11;5 01;3 03;7 05;3 01;7 01;7 27;7 01;7
01;3 01;3 01;3 01;3 01;3 05;5 05;1 01;3 01;3 21;1 05;1 32;3 21;7 05;5 01;3 05;1 01;3 11;5 05;1 01;3 11;5 01;3 05;1 01;3 01;7 01;7 29;7 01;7
0 0 1;1 0 1;1 0 0 1;1 0 1;1 0 0 0 0 1;1 0 1;1 0 0 1;1 0 1;1 0 0 0 0 1;5 0
0 0 0 0 0 0 0 1;7 0 0 0 0 0 1;7 0 0 0 0 0 0 0 0 0 0 0 0 0 0
1;7 0 0 0 1;3 0 0 0 0 0 0 1;3 1;7 0 0 0 0 0 0 0 0 0 0 1;3 1;7 0 1;5 1;3
1;3 0 0 4;3 0 0 0 0 1;1 0 0 0 0 0 0 0 0 0 0 0 0 0 0 0 0 0 0 0
1;7 0 0 2;4 0 0 0 2;6 3;5 0 0 2;2 1;7 0 0 0 2;4 0 0 2;6 0 0 0 1;3 1;7 0 1;5 1;3
0 0 0 0 0 0 0 0 0 0 0 0 0 0 0 0 0 0 0 0 0 0 0 0 0 0 1;5 0
0 0 0 0 0 0 0 0 0 0 0 0 0 0 0 0 0 0 0 0 0 0 0 0 0 0 1;5 0
1;7 0 3;3 0 0 0 0 0 2;6 0 0 1;3 1;7 0 0 0 2;2 0 0 2;8 0 0 0 1;3 1;7 0 0 1;3
0 0 0 1;1 0 0 0 0 0 0 0 0 0 0 0 0 0 0 0 0 0 0 0 0 0 0 1;5 0
1;7 0 0 0 0 0 0 0 3;5 1;1 0 1;3 1;7 0 0 0 0 0 0 0 0 1;1 0 1;3 1;7 0 0 1;3
0 0 0 2;2 0 0 0 0 0 0 0 0 0 0 1;3 0 0 0 0 0 0 0 0 0 0 0 1;5 0
0 0 1;5 0 1;5 0 0 2;3 0 1;5 0 0 0 0 1;5 0 1;5 0 0 1;5 0 3;5 0 0 0 0 0 0