12 16
01;05 05;05 01;05 01;05 01;05 05;05 01;05 01;05 05;05 01;05 01;05 21;07
01;05 05;05 01;05 01;05 01;05 05;05 01;05 01;05 05;05 01;05 01;05 01;05
01;05 07;03 05;03 02;01 22;07 05;05 01;05 01;05 05;05 02;03 01;05 01;05
05;03 05;03 05;03 01;05 01;05 03;07 01;05 01;05 04;07 05;03 05;03 05;03
17;01 01;05 01;05 01;05 01;05 05;05 02;03 01;05 01;05 01;05 01;05 01;05
05;07 05;07 05;07 05;07 04;07 07;03 05;03 05;03 01;05 01;05 01;05 01;05
11;03 11;03 12;05 01;05 05;01 22;07 01;05 01;05 04;07 02;05 01;05 01;05
01;05 01;05 11;05 01;05 01;05 01;05 01;05 01;05 03;07 18;01 01;05 01;05
11;07 11;07 16;07 11;07 11;07 11;07 11;07 11;07 01;05 05;07 05;07 05;07
01;05 01;05 01;05 01;05 01;05 03;07 04;07 01;05 01;05 22;07 01;05 01;05
01;05 02;07 19;01 01;05 01;05 05;05 06;03 05;03 05;03 05;03 01;05 05;03
21;07 01;05 01;05 01;05 01;05 05;05 05;01 01;05 01;05 01;05 01;05 01;05
29;1 01;1 01;1 01;1 01;1 01;1 01;1 01;1 01;1 01;1 01;1 30;1
01;1 27;1 01;1 01;1 01;1 01;1 01;1 01;1 01;1 01;1 28;1 01;1
05;3 05;3 06;5 25;1 01;1 01;1 01;1 01;1 26;1 07;5 05;7 05;7
01;1 01;1 07;3 05;3 05;3 23;1 24;1 05;7 05;7 06;7 01;1 01;1
0 0 1;1 0 1;1 0 0 1;1 0 1;1 0 0
0 0 0 0 0 0 1;3 0 0 0 1;5 0
1;7 0 0 0 0 0 0 0 0 0 0 1;3
0 0 0 0 1;7 0 3;3 0 0 0 0 0
1;7 0 0 0 0 0 0 0 0 0 3;5 1;3
0 0 0 0 0 0 0 0 4;1 0 0 0
0 3;1 0 2;4 0 0 0 0 0 0 0 0
1;7 0 0 0 0 0 0 0 0 0 0 1;3
0 0 0 0 0 0 0 0 0 0 0 0
1;7 1;1 1;7 0 0 0 0 3;3 1;1 0 0 1;3
0 0 0 0 0 0 0 0 0 0 7;1 0
0 0 1;5 0 1;5 0 0 1;5 0 1;5 1;1 0
0 0 1;1 0 2;8 0 0 2;2 0 1;1 0 0
0 1;7 1;7 0 0 0 0 0 0 1;3 1;3 0
0 0 0 0 0 0 1;7 0 0 0 0 0
0 0 0 0 0 0 1;7 0 0 0 0 0