12 16
21;1 01;1 01;1 11;1 01;1 01;1 11;1 01;1 01;1 01;1 05;1 01;1
03;1 11;3 11;3 13;1 01;1 01;1 11;1 01;1 01;1 01;1 05;1 01;1
05;5 01;1 01;1 02;1 01;1 01;1 01;1 01;1 02;3 01;1 05;1 01;1
09;3 06;5 01;1 01;1 01;1 01;1 17;1 01;1 01;1 01;1 05;1 01;1
01;1 05;5 01;1 01;1 01;1 01;1 01;1 01;1 01;1 01;1 01;1 01;1
01;1 05;5 01;1 01;1 01;1 22;1 22;1 01;1 19;1 01;1 01;1 01;1
01;1 05;5 01;1 01;1 01;1 22;1 22;1 01;1 01;1 01;1 06;3 05;3
01;1 05;5 01;1 01;1 01;1 01;1 01;1 01;1 01;1 01;1 05;1 01;1
05;7 03;1 01;1 01;1 01;1 01;1 01;1 01;1 01;1 01;1 05;1 01;1
01;1 01;1 01;1 02;7 01;1 01;1 01;1 01;1 02;5 01;1 05;1 01;1
05;3 06;5 01;1 01;1 01;1 01;1 06;3 05;3 05;3 05;3 07;1 01;1
01;1 05;5 01;1 01;1 18;1 01;1 05;1 01;1 01;1 01;1 01;1 21;1
29;1 01;1 01;1 01;1 01;1 01;1 01;1 01;1 01;1 01;1 01;1 30;1
01;1 27;1 01;1 01;1 01;1 01;1 01;1 01;1 01;1 01;1 28;1 01;1
05;3 05;3 06;5 25;1 01;1 01;1 01;1 01;1 26;1 07;5 05;7 05;7
01;1 01;1 07;3 05;3 05;3 23;1 24;1 05;7 05;7 06;7 01;1 01;1
0 0 1;1 0 1;1 0 0 1;1 0 1;1 0 0
0 0 0 0 0 6;7 0 0 0 0 0 0
1;7 0 0 0 0 1;5 5;5 0 0 0 0 1;3
0 0 0 0 0 0 0 0 0 0 0 0
3;7 0 0 0 2;8 0 0 2;2 0 0 0 3;3
0 0 1;3 0 0 0 0 0 0 5;7 0 0
0 0 5;3 0 0 0 0 0 0 6;7 0 0
3;7 0 0 0 2;6 0 0 2;4 0 0 0 3;3
0 0 1;5 0 0 0 0 0 0 0 0 0
1;7 0 0 0 0 1;1 5;1 0 0 0 0 1;3
0 0 0 0 0 0 0 0 0 0 0 0
0 0 3;5 0 1;5 0 0 1;5 0 1;5 0 0
0 0 1;1 0 2;8 0 0 2;2 0 1;1 0 0
0 1;7 1;7 0 0 0 0 0 0 1;3 1;3 0
0 0 0 0 0 0 1;7 0 0 0 0 0
0 0 0 0 0 0 1;7 0 0 0 0 0